0 0.244589 0.565951 0.177489 0.095092
0 0.365801 0.585890 0.073593 0.042945
0 0.805195 0.947853 0.051948 0.030675
0 0.363636 0.825153 0.051948 0.018405
0 0.274892 0.763804 0.030303 0.024540
0 0.326840 0.684049 0.047619 0.024540
0 0.067100 0.674847 0.047619 0.030675
0 0.095238 0.852761 0.034632 0.024540
0 0.374459 0.762270 0.021645 0.015337
0 0.919913 0.572086 0.047619 0.027607
0 0.748918 0.529141 0.034632 0.021472
0 0.398268 0.334356 0.060606 0.024540
0 0.025974 0.447853 0.043290 0.030675
0 0.140693 0.263804 0.038961 0.030675
0 0.504329 0.187117 0.030303 0.024540
0 0.582251 0.176380 0.056277 0.033742
0 0.854978 0.202454 0.194805 0.067485
0 0.954545 0.817485 0.030303 0.027607
0 0.549784 0.889571 0.034632 0.018405
0 0.456710 0.932515 0.030303 0.018405
