0 0.046218 0.823620 0.067227 0.039877
0 0.035714 0.877301 0.046218 0.030675
0 0.029412 0.960123 0.042017 0.042945
0 0.871849 0.940184 0.046218 0.033742
0 0.663866 0.780675 0.042017 0.021472
0 0.775210 0.776074 0.046218 0.030675
0 0.642857 0.842025 0.025210 0.021472
0 0.691176 0.811350 0.037815 0.021472
0 0.691176 0.840491 0.029412 0.030675
0 0.771008 0.829755 0.029412 0.021472
0 0.842437 0.889571 0.046218 0.024540
0 0.502101 0.987730 0.037815 0.018405
0 0.728992 0.958589 0.037815 0.021472
0 0.590336 0.750000 0.046218 0.021472
0 0.768908 0.708589 0.050420 0.036810
0 0.781513 0.616564 0.042017 0.018405
0 0.590336 0.542945 0.819328 0.306748
0 0.279412 0.361963 0.063025 0.030675
0 0.497899 0.279141 0.424370 0.128834
0 0.831933 0.343558 0.210084 0.085890
0 0.441176 0.274540 0.067227 0.021472
0 0.031513 0.398773 0.054622 0.036810
0 0.033613 0.484663 0.042017 0.036810
0 0.644958 0.569018 0.037815 0.027607
0 0.388655 0.814417 0.046218 0.021472
