0 0.251534 0.831878 0.147239 0.144105
0 0.763804 0.679039 0.073620 0.074236
0 0.546012 0.379913 0.055215 0.069869
0 0.599693 0.286026 0.064417 0.056769
0 0.803681 0.941048 0.055215 0.048035
0 0.800613 0.777293 0.049080 0.052402
0 0.457055 0.766376 0.036810 0.048035
0 0.628834 0.834061 0.018405 0.026201
0 0.541411 0.606987 0.027607 0.043668
0 0.443252 0.467249 0.039877 0.034934
0 0.481595 0.489083 0.030675 0.043668
0 0.685583 0.524017 0.027607 0.034934
0 0.661043 0.427948 0.033742 0.034934
0 0.544479 0.211790 0.150307 0.091703
0 0.653374 0.266376 0.061350 0.061135
0 0.634969 0.705240 0.024540 0.030568
0 0.409509 0.115721 0.027607 0.021834
0 0.802147 0.858079 0.033742 0.039301
0 0.162577 0.973799 0.030675 0.026201
