0 0.615031 0.130252 0.064417 0.058824
0 0.565951 0.191176 0.039877 0.046218
0 0.670245 0.189076 0.027607 0.033613
0 0.483129 0.615546 0.107362 0.121849
0 0.415644 0.117647 0.046012 0.042017
0 0.398773 0.142857 0.030675 0.033613
0 0.404908 0.199580 0.061350 0.046218
0 0.302147 0.090336 0.088957 0.121849
0 0.288344 0.852941 0.245399 0.285714
0 0.547546 0.901261 0.070552 0.088235
0 0.688650 0.930672 0.033742 0.046218
0 0.598160 0.500000 0.226994 0.310924
0 0.265337 0.495798 0.076687 0.117647
0 0.549080 0.792017 0.098160 0.121849
0 0.460123 0.474790 0.030675 0.033613
0 0.411043 0.617647 0.030675 0.042017
0 0.394172 0.678571 0.033742 0.037815
0 0.322086 0.657563 0.024540 0.029412
0 0.328221 0.686975 0.030675 0.029412
0 0.300613 0.682773 0.024540 0.029412
0 0.222393 0.680672 0.021472 0.025210
0 0.375767 0.592437 0.021472 0.025210
0 0.713190 0.300420 0.021472 0.021008
