0 0.355828 0.955399 0.049080 0.051643
0 0.420245 0.901408 0.042945 0.037559
0 0.822086 0.699531 0.049080 0.065728
0 0.558282 0.431925 0.055215 0.093897
0 0.472393 0.314554 0.067485 0.046948
0 0.357362 0.312207 0.058282 0.051643
0 0.342025 0.366197 0.039877 0.037559
0 0.432515 0.251174 0.061350 0.032864
0 0.771472 0.969484 0.033742 0.042254
0 0.205521 0.631455 0.055215 0.061033
0 0.176380 0.840376 0.033742 0.037559
0 0.110429 0.901408 0.030675 0.037559
0 0.696319 0.481221 0.067485 0.098592
0 0.513804 0.610329 0.475460 0.431925
0 0.604294 0.687793 0.042945 0.042254
0 0.481595 0.692488 0.024540 0.032864
0 0.868098 0.793427 0.085890 0.103286
0 0.779141 0.758216 0.042945 0.079812
