0 0.343558 0.263158 0.085890 0.087719
0 0.576687 0.208333 0.055215 0.048246
0 0.397239 0.894737 0.046012 0.043860
0 0.461656 0.811404 0.033742 0.035088
0 0.125767 0.745614 0.042945 0.035088
0 0.338957 0.962719 0.033742 0.039474
0 0.745399 0.385965 0.030675 0.035088
0 0.774540 0.436404 0.027607 0.030702
0 0.713190 0.932018 0.027607 0.057018
0 0.358896 0.741228 0.024540 0.035088
0 0.532209 0.489035 0.021472 0.030702
0 0.595092 0.710526 0.018405 0.017544
0 0.509202 0.701754 0.018405 0.035088
0 0.231595 0.712719 0.039877 0.030702
0 0.136503 0.649123 0.027607 0.043860
0 0.943252 0.857456 0.027607 0.030702
0 0.894172 0.932018 0.027607 0.030702
0 0.878834 0.605263 0.033742 0.035088
0 0.504601 0.828947 0.021472 0.043860
