0 0.373311 0.286810 0.097973 0.039877
0 0.488176 0.315951 0.104730 0.055215
0 0.454392 0.898773 0.043919 0.030675
0 0.396959 0.935583 0.037162 0.036810
0 0.376689 0.855828 0.030405 0.030675
0 0.212838 0.819018 0.033784 0.030675
0 0.890203 0.897239 0.077703 0.052147
0 0.883446 0.720859 0.077703 0.036810
0 0.886824 0.788344 0.212838 0.104294
0 0.300676 0.717791 0.033784 0.030675
0 0.675676 0.320552 0.121622 0.064417
0 0.278716 0.360429 0.064189 0.033742
0 0.114865 0.452454 0.060811 0.027607
0 0.383446 0.208589 0.084459 0.042945
0 0.527027 0.208589 0.141892 0.049080
0 0.481419 0.536810 0.043919 0.024540
0 0.402027 0.610429 0.040541 0.018405
0 0.400338 0.694785 0.030405 0.033742
0 0.199324 0.535276 0.027027 0.021472
0 0.609797 0.696319 0.172297 0.116564
