0 0.129870 0.889571 0.069264 0.030675
0 0.212121 0.838957 0.060606 0.021472
0 0.264069 0.703988 0.043290 0.015337
0 0.322511 0.730061 0.030303 0.018405
0 0.666667 0.880368 0.034632 0.018405
0 0.595238 0.780675 0.038961 0.027607
0 0.300866 0.935583 0.038961 0.018405
0 0.528139 0.963190 0.034632 0.018405
0 0.404762 0.634969 0.090909 0.049080
0 0.264069 0.581288 0.103896 0.039877
0 0.346320 0.619632 0.025974 0.018405
0 0.333333 0.638037 0.025974 0.012270
0 0.168831 0.421779 0.077922 0.039877
0 0.385281 0.392638 0.077922 0.036810
0 0.309524 0.386503 0.047619 0.030675
0 0.495671 0.357362 0.090909 0.046012
0 0.577922 0.421779 0.056277 0.033742
0 0.532468 0.599693 0.051948 0.033742
0 0.688312 0.481595 0.043290 0.030675
0 0.948052 0.777607 0.069264 0.039877
0 0.359307 0.269939 0.303030 0.098160
0 0.675325 0.240798 0.216450 0.070552
0 0.883117 0.208589 0.060606 0.030675
0 0.142857 0.342025 0.060606 0.021472
0 0.833333 0.475460 0.108225 0.061350
0 0.439394 0.848160 0.047619 0.015337
