0 0.625767 0.535377 0.067485 0.080189
0 0.691718 0.589623 0.064417 0.084906
0 0.648773 0.424528 0.039877 0.037736
0 0.599693 0.450472 0.033742 0.033019
0 0.595092 0.424528 0.030675 0.028302
0 0.510736 0.469340 0.039877 0.042453
0 0.268405 0.943396 0.033742 0.037736
0 0.523006 0.879717 0.021472 0.042453
0 0.406442 0.981132 0.027607 0.028302
0 0.259202 0.728774 0.070552 0.061321
0 0.262270 0.679245 0.064417 0.037736
0 0.300613 0.636792 0.049080 0.056604
0 0.268405 0.533019 0.033742 0.037736
0 0.653374 0.365566 0.036810 0.033019
