0 0.088362 0.685583 0.090517 0.052147
0 0.433190 0.849693 0.073276 0.042945
0 0.515086 0.946319 0.056034 0.039877
0 0.915948 0.917178 0.047414 0.036810
0 0.877155 0.869632 0.056034 0.033742
0 0.896552 0.981595 0.068966 0.030675
0 0.950431 0.780675 0.047414 0.039877
0 0.215517 0.866564 0.060345 0.027607
0 0.187500 0.773006 0.038793 0.030675
0 0.058190 0.572086 0.038793 0.027607
0 0.454741 0.415644 0.814655 0.273006
0 0.806034 0.289877 0.112069 0.058282
0 0.185345 0.716258 0.043103 0.021472
0 0.105603 0.630368 0.056034 0.021472
0 0.965517 0.492331 0.051724 0.027607
