0 0.572086 0.875000 0.064417 0.083333
0 0.711656 0.891204 0.098160 0.097222
0 0.386503 0.863426 0.079755 0.087963
0 0.234663 0.935185 0.064417 0.083333
0 0.233129 0.844907 0.079755 0.078704
0 0.159509 0.787037 0.061350 0.083333
0 0.105828 0.905093 0.033742 0.050926
0 0.533742 0.962963 0.030675 0.037037
0 0.450920 0.488426 0.288344 0.254630
0 0.478528 0.307870 0.049080 0.041667
0 0.570552 0.256944 0.073620 0.050926
0 0.417178 0.243056 0.055215 0.050926
0 0.696319 0.453704 0.036810 0.046296
0 0.443252 0.740741 0.021472 0.027778
0 0.737730 0.615741 0.021472 0.027778
0 0.708589 0.812500 0.042945 0.041667
0 0.093558 0.733796 0.039877 0.032407
