0 0.298701 0.726994 0.069264 0.024540
0 0.549784 0.973926 0.051948 0.027607
0 0.541126 0.838957 0.043290 0.033742
0 0.753247 0.707055 0.060606 0.033742
0 0.876623 0.676380 0.082251 0.033742
0 0.755411 0.575153 0.151515 0.064417
0 0.599567 0.578221 0.038961 0.015337
0 0.387446 0.628834 0.047619 0.030675
0 0.160173 0.587423 0.043290 0.021472
0 0.277056 0.486196 0.077922 0.033742
0 0.038961 0.572086 0.043290 0.021472
0 0.032468 0.875767 0.047619 0.027607
0 0.688312 0.309816 0.155844 0.067485
0 0.264069 0.378834 0.051948 0.027607
0 0.729437 0.492331 0.047619 0.021472
0 0.506494 0.621166 0.043290 0.027607
0 0.030303 0.981595 0.043290 0.024540
